10,299
10,17
10,224
10,142
10,198
10,86
10,129
11,20
11,18
11,14
9,4
9,6
9,2
9,3
8,17
8,4
8,15
8,6
95,5
95,4
95,3
95,2
95,1
95,0
94,4
94,3
94,2
94,1
94,0
92,4
92,3
92,2
92,1
92,0
48,3
48,1
44,3
44,1
43,3
43,1
42,3
42,1
41,3
41,1
40,3
40,1
39,3
39,1
38,3
38,1
37,3
37,1
36,3
36,1
35,3
35,1
20,3
20,2
20,1
19,3
19,2
19,1
14,4
12,3
12,2
12,1
11,28
11,27
11,26
11,25
11,24
11,23
11,21
11,19
11,17
11,16
11,15
11,13
11,11
11,10
11,8
11,7
11,5
11,3
11,2
11,1
18,1
10,291
18,3
10,287
10,285
10,261
10,216
10,207
10,150
10,147
10,135
10,121
10,119
10,112
10,109
14,1
14,5
10,99
14,3
10,97
10,92
13,1
10,87
13,3
10,83
10,77
10,76
10,34
10,28
10,22
10,8
